	~~~ GlobalYearlyLandTempByCity.csv ~~~
Year,AverageTemperature,MinimumTemperature,MaximumTemperature,City,Country,Latitude,Longitude
1750,15.909,8.357,25.463,Durrës,Albania,40.99N,19.17E
1750,15.909,8.357,25.463,Elbasan,Albania,40.99N,19.17E
1750,15.909,8.357,25.463,Tirana,Albania,40.99N,19.17E
1750,7.855,-3.124,18.492,Graz,Austria,47.42N,15.39E
	~~~ GlobalYearlyLandTempByCountry.csv ~~~
Year,AverageTemperature,MinimumTemperature,MaximumTemperature,Country
1750,13.098,3.6,23.893,Albania
1750,11.759,3.313,21.52,Andorra
1750,6.984,-3.582,17.247,Austria
1750,6.691,-6.297,19.282,Belarus
	~~~ GlobalYearlyLandTempByState.csv ~~~
Year,AverageTemperature,MinimumTemperature,MaximumTemperature,State,Country
1750,,,,Adygey,Russia
1750,17.653,6.95,28.464,Alabama,United States
1750,-1.366,-15.102,13.995,Arkhangel'Sk,Russia
1750,6.974,-7.352,21.723,Belgorod,Russia
	~~~ GlobalYearlyTemp.csv ~~~
Year,AverageTemperature,MinimumTemperature,MaximumTemperature,LandOceanAverageTemperature,LandOceanMinimumTemperature,LandOceanMaximumTemperature
1750,8.719,2.772,15.868,,,
1751,7.976,0.963,14.405,,,
1752,5.78,0.348,8.265,,,
1753,8.388,0.559,15.092,,,
	~~~ Population.csv ~~~
Country Name,Country Code,1960,1961,1962,1963,1964,1965,1966,1967,1968,1969,1970,1971,1972,1973,1974,1975,1976,1977,1978,1979,1980,1981,1982,1983,1984,1985,1986,1987,1988,1989,1990,1991,1992,1993,1994,1995,1996,1997,1998,1999,2000,2001,2002,2003,2004,2005,2006,2007,2008,2009,2010,2011,2012,2013
Aruba,ABW,54608,55811,56682,57475,58178,58782,59291,59522,59471,59330,59106,58816,58855,59365,60028,60715,61193,61465,61738,62006,62267,62614,63116,63683,64174,64478,64553,64450,64332,64596,65712,67864,70192,72360,74710,77050,79417,81858,84355,86867,89101,90691,91781,92701,93540,94483,95606,96787,97996,99212,100341,101288,102112,102880
Afghanistan,AFG,8622466,8790140,8969047,9157465,9355514,9565147,9783147,10010030,10247780,10494489,10752971,11015857,11286753,11575305,11869879,12157386,12425267,12687301,12938862,12986369,12486631,11155195,10088289,9951449,10243686,10512221,10448442,10322758,10383460,10673168,10694796,10745167,12057433,14003760,15455555,16418912,17106595,17788819,18493132,19262847,19542982,19688632,21000256,22645130,23553551,24411191,25442944,25903301,26427199,27385307,28189672,29249157,30466479,31541209
Angola,AGO,5357195,5441333,5521400,5599827,5673199,5736582,5787044,5827503,5868203,5928386,6029700,6177049,6364731,6578230,6802494,7032713,7266780,7511895,7771590,8043218,8330047,8631457,8947152,9276707,9617702,9970621,10332574,10694057,11060261,11439498,11828638,12228691,12632507,13038270,13462031,13912253,14383350,14871146,15366864,15870753,16394062,16941587,17516139,18124342,18771125,19450959,20162340,20909684,21691522,22507674,23364185,24259111,25188292,26147002
Albania,ALB,1608800,1659800,1711319,1762621,1814135,1864791,1914573,1965598,2022272,2081695,2135479,2187853,2243126,2296752,2350124,2404831,2458526,2513546,2566266,2617832,2671997,2726056,2784278,2843960,2904429,2964762,3022635,3083605,3142336,3227943,3286542,3266790,3247039,3227287,3207536,3187784,3168033,3148281,3128530,3108778,3089027,3060173,3051010,3039616,3026939,3011487,2992547,2970017,2947314,2927519,2913021,2905195,2900401,2895092
